100 2 2
-0.2633300265088753 -1.4192582511929501 0.0
0.4689993522394877 -0.13368351547107038 0.0
0.8098113959285907 0.9770359905180992 0.0
-2.3008906179523545 -1.1194804878585445 0.0
2.764857139198261 1.3551996102376758 1.0
2.632309456054154 2.0744279730015975 1.0
2.423106868285891 3.1039996583662663 1.0
2.114730202044033 2.8494895474711974 1.0
-0.5030716042159439 0.12881784875807445 0.0
3.7931974698113566 -0.46254703088652915 1.0
-2.130653960605513 1.0240076681784347 0.0
3.1128722292630844 2.5592360190519474 1.0
-1.1428289998189258 -1.6384657945011787 0.0
2.1328060248208307 1.4181977498056066 1.0
-0.6840931670688053 -0.7340434934342602 0.0
1.2861080127666382 0.61761081537475 0.0
-0.26009652219970913 1.996131689007645 0.0
2.2368904442220323 1.7332113455113372 1.0
2.422728895202815 0.3719593360019373 1.0
2.3231932952339815 3.222789314547586 1.0
-1.7474809132047942 1.8002253935661692 0.0
1.9756402360303231 -0.22628405353026615 1.0
-1.3532402490134667 -0.18111802485740877 0.0
0.9850927071706008 1.3364871843380834 1.0
3.5712407801135244 2.731710874223873 1.0
2.3299986252431983 1.3431400705725356 1.0
3.414877178112306 3.473155852452668 1.0
0.9483199264106279 1.6946746773186008 1.0
1.270319637644166 3.2793317887744244 1.0
0.6175963674849317 -0.4007234089443184 0.0
0.29744913963272046 -1.823157548454503 0.0
3.2754447257360133 1.2701211839473154 1.0
1.824501198976757 1.530534571000353 1.0
-1.9733985709075368 1.5960804287738923 0.0
0.5746721672550432 3.1453191141426555 1.0
1.7335462349389599 2.3939014017128417 1.0
0.9716029396471286 1.7959380647563576 1.0
1.8580543657613922 2.04944832510928 1.0
3.886784260219442 2.570569239963583 1.0
2.884163313865682 3.1317751069866615 1.0
0.5812751158308377 1.162306369483581 0.0
-0.353866955540407 -0.2513020313532959 0.0
0.3608481584495362 0.28313687218052 0.0
-0.03548013026563533 -2.1427244921279787 0.0
0.43812179632778964 0.04962864158719158 0.0
1.1187804532162264 -0.6660082497181335 0.0
1.851570296343469 3.049780678744968 1.0
2.9973412660231737 1.5845864978189237 1.0
2.2758692575626536 2.3050017599043655 1.0
2.253551168933344 2.736127832314379 1.0
-1.7604327781371396 0.44913257468918666 0.0
2.8459877825590185 2.198319328067043 1.0
1.7339924569550484 3.0741024685106204 1.0
0.6985150104611328 0.42251024016140387 0.0
-0.9767000703848473 -0.843441924509023 0.0
-2.267493979713992 0.6094462972580281 0.0
1.677716457481026 0.6559746668889199 1.0
2.3219773791432297 0.7716773327894226 1.0
1.1444464586936083 2.0591980433330734 1.0
3.5925423907810385 3.204472458060552 1.0
2.771792359619422 0.2062366071405839 1.0
2.663250551205998 1.6445835044930195 1.0
-0.3188627071749223 0.31616273111697624 0.0
2.33894276174543 3.8628871232895583 1.0
1.8821690184013242 1.2883215550572602 1.0
0.8112776894855462 1.0934684860935708 0.0
1.9687026183641874 2.6565118748012257 1.0
2.466875697800768 0.3215090863616532 1.0
-0.04062710814419512 0.2976361462056593 0.0
1.0314613475188836 -2.215896604377779 0.0
1.4351697157657994 1.7588727976049183 1.0
-0.08961457730000257 0.2512303311472415 0.0
-1.8731470223622098 0.04227877628938519 0.0
2.3724663751053265 0.5669474278464546 1.0
-0.3916474283620379 1.021045999837884 0.0
0.7843937100197127 1.9871001864419349 1.0
-0.3302201700841556 -1.3514030236620425 0.0
1.1487052003846951 0.49016996814540953 0.0
0.0697432209613527 0.05215249280996809 0.0
2.6301327587448036 2.4064820383802994 1.0
-1.871030680963753 1.7288112944064309 0.0
2.637821408795942 1.2967492714162447 1.0
1.7416185328680833 2.5695018924431134 1.0
-0.624788666729147 0.07961304126579605 0.0
1.5667573336470435 3.0950933030848544 1.0
1.3917292622385262 0.6684850629128027 0.0
4.487981181381107 2.9588113328114005 1.0
2.77361406845728 4.198806257639137 1.0
0.19324852249873276 -0.6473673202052622 0.0
0.8223088542498087 1.8177672616778222 1.0
-0.6894023771180888 -1.5397963550169025 0.0
0.6618098516561943 1.9517555582731634 1.0
1.9552247505192601 -1.4108106505466593 0.0
2.8033092542197893 1.7154577169864407 1.0
-0.16727940619909382 1.1575802827671624 0.0
1.551635004696348 0.36030438775285967 0.0
1.921741995936547 2.717566071058266 1.0
1.163297864383003 1.8627898003159309 1.0
-1.439574466883086 0.1332763039576557 0.0
2.9565113732054162 1.0578460276511659 1.0
points (dim=2) | last column: cluster assignment