100 2
-0.9140067997370717 -0.6430009508136533
-0.025444783615323766 -0.920728107778017
0.35435150541567156 -0.08334643927567915
2.290773674752079 -0.1403385520186029
1.1565897247964907 -2.781895189920232
1.2682889218709765 -0.4307379806390102
-1.1589831008355962 0.3064470414626945
-1.1535565919044677 1.437755377475574
-0.08509087772431845 -0.43301549762943264
-0.2496429027323021 1.2144778356802022
0.5218905245111547 1.0342175537889997
-0.06723418593531015 -0.37371565517910676
-0.34502329380872426 0.33695087053434336
-1.75601574774634 2.1478500743166493
0.1566741946180793 -0.5158956344706715
-0.6869721468298341 0.0897113626190563
0.7725131855892992 -0.4644232553899433
-0.10653200358512678 -0.4951185361575007
0.22695108893332977 1.7271001932641603
0.4511253310898702 -0.8854566077822994
0.6361426330086493 -1.5403471630306116
0.9475272007913752 -0.7615923752691056
-0.10867187437244535 0.1543623537524104
-0.7787551167524069 -1.512811889281105
0.626069962868391 -0.34921628126218796
-0.7262741629108236 -0.671481703426532
-0.15231721863911826 -0.29692138423822295
-0.8133475407063716 -0.6131722717297869
0.3532043854025674 1.2457803131135432
1.397190457642858 -0.48304674340326215
-0.45369266045607054 1.58009375098784
1.6452433433477744 -0.6500777382738984
1.2941202764333464 -0.0995447907864487
0.4123649294761781 0.2510258316518988
0.07905041920890186 -0.3226664689640703
-1.363542549896153 1.256045545413955
0.6862769076107464 0.04048400724403527
0.48964281349337896 0.08033826689388494
0.09094342470606749 -2.394855983106845
-0.35985890599546994 -0.7666399850939796
0.7843468240938647 -1.1337487607250303
0.026038938335756087 0.029409103202449417
0.6217429276404263 0.5473419556860408
-1.0189478552494327 0.48157078939836906
-0.18490814291602656 0.5084474220528349
1.9282480483039808 1.3232822092236793
-1.2952714905745242 -0.6248141586988338
-0.08616868354446533 -0.656602280785087
-1.4839188657914593 1.031940811702872
0.40414603873310373 -0.48046426480505455
1.16219941600296 -0.590983290762614
-0.46980548277361356 -0.22744921226877368
0.317209704016235 -1.3495614831449851
-0.3260212304764017 0.30913932848602965
-1.3021799540176893 -0.6246377948435962
-0.7566194862061647 -0.8211077286072419
-1.1295887227385981 -0.6322148774597238
-0.5356193520911091 2.8861581562370007
1.1619947103935815 -0.12632982594854705
-1.1986091312627416 1.8950100111742896
-0.18884703160041189 -0.06421013871666756
0.5259840552351479 -0.7090912203612177
-0.323871487501126 -0.23271333593665544
-0.03960499200699934 -0.15209353944985848
-0.09849384232539796 -1.1944807574823286
1.027956190285517 2.2388442691854213
1.4554980436680918 0.112628712250736
-0.11314014170286348 0.4568280464785335
0.07511633062625658 0.3656874012731276
0.8157217220365707 0.2701896169842989
-1.374116134444773 1.4867835608352094
-0.37052516773569877 0.7032826404371212
0.1461259940045167 1.1652654243478915
-0.4904028544359252 -0.7740902941202287
0.06954049760719444 0.1766685799627159
-0.4285049293241078 -1.5962836355331915
-0.812401380031053 -0.5711462242544838
0.42648956690737233 -0.2971721952605237
0.3758422654067302 0.9133213081177369
-0.44133897136512135 -0.1415908292386987
-0.10909554657553648 1.1240302092124153
0.35373953329114405 0.41175494839164767
0.7362545816845513 -0.25604932402968344
-0.3236537737972466 0.05430841024405527
-0.28490167185178505 -2.5050403228498404
-0.6907851944454918 -1.2749406321651304
-0.5543764156239824 0.8633963539312141
0.22418174999737095 -0.5286160539142983
0.47086343141576575 1.15636299624576
-1.2222200375513024 0.11675308175724407
0.9393276239026035 0.6303503369274641
-1.197104944656497 0.9368835840569454
0.7633219177295127 -0.542505955950022
-1.0937631710217521 0.374295433481871
0.18004467094920268 -0.6529936903597049
-0.266647701582252 0.4409884769548854
-0.23259596610893044 0.6927681129574188
0.24764864148766635 0.9576346069745334
1.3180455629571424 0.4576834207305191
0.28529078833952354 0.15230225938897624
points (dim=2) 