8.737503109834261039e+00 -3.775803190878967985e-02
1.203457065609402576e+01 9.773312419066433332e-01
2.261232510627312564e+00 1.102501290863246775e+00
1.445746868064448964e+00 3.863584566557218269e-01
6.679736936493110733e+00 -8.367340622271981498e-01
9.403897515256733897e+00 -3.127801094723330066e-02
4.093933762184252423e+00 -1.240386063400804373e+00
3.324809202032152022e+00 6.387734752175597275e-02
7.609780497595886040e+00 -1.436930505776010669e+00
7.663704184806908515e+00 -1.301661430603541891e+00
9.327032490788944585e+00 -1.422773986563510284e-01
4.659238952061451222e+00 -8.466190244582265656e-01
3.412242288056502648e+00 4.905265467840563831e-02
1.007292703628904285e+01 9.806662707496169307e-02
9.576069484439212687e+00 2.110295301936386814e-01
1.199887847730378887e+01 1.030589620833205267e+00
6.643478586300730626e+00 -8.179248635056803884e-01
6.365737992887167351e+00 -9.192051914689167713e-01
1.055392771676001828e+01 -3.418068961351479196e-01
5.234345799528142607e+00 1.220074741080101610e-03
1.075899460209342173e+01 -1.476791092131646277e-02
9.484796589283433832e+00 8.901771416439513418e-02
1.663774612761419691e+00 9.476244283333283835e-01
2.444993352307436862e-01 1.172355827671157646e+00
4.817318249382121387e+00 -4.353030947211762314e-01
8.797588431990053692e+00 -1.290182940243282117e-01
3.656208441259186870e+00 -2.412153127839357369e-01
4.019212669121721149e+00 -1.096670684346650049e+00
5.544349022007353689e+00 -5.272903464570566356e-01
9.519270869273436020e+00 1.378154636856133153e-01
1.137385103096966610e+00 -3.191698425760147728e-02
9.933769585557897130e+00 2.731047188633722311e-01
7.844358735878222966e+00 -7.393641397088832612e-01
5.950726077635843048e+00 -1.163272897162484609e+00
5.366106308945139958e+00 -1.625880253148819232e-01
9.006258218141779182e+00 -3.337396047403794475e-01
3.558893597796843444e+00 -8.007350853488151565e-02
1.201851691271436096e+01 1.000582607479357566e+00
1.376956986745583755e+00 2.332077578441563714e-01
7.449731334329834809e+00 -1.695757118459666035e+00
5.875329068651632625e+00 -1.114252905933517113e+00
9.097426543375386032e+00 -3.414998734345904285e-01
4.090551267619678022e+00 -1.234639913974119541e+00
2.815879278682122955e-01 1.174592552554634795e+00
1.193933428050131162e+01 1.130421515728758042e+00
4.753247872101935556e+00 -5.992361164731970780e-01
1.226171426462505210e+00 9.113262079936235160e-03
6.906573949541860991e+00 -1.123985389033175908e+00
6.515986000356148722e+00 -8.165440417967008147e-01
2.422974054347983408e+00 7.151983436504941727e-01
1.229136511580970748e+01 8.063010163069287417e-01
1.219024913707677982e+01 8.251065947155256097e-01
5.628773202617657567e+00 -7.141530296482555551e-01
5.814191507088737332e+00 -1.046343184601655762e+00
1.139901058074781304e+01 1.695042817841778904e+00
5.391909656673989026e+00 -2.080227264814913379e-01
5.762660107204224502e+00 -9.709081684987544980e-01
7.257662035694296243e+00 -1.691425105318670408e+00
7.557805506800681528e+00 -1.546050202184596767e+00
8.574182143267144340e+00 2.120853731709275714e-01
3.993895762132397387e+00 -1.041118370542015059e+00
9.146501647341985120e+00 -3.230961064539447092e-01
9.770692831994947980e+00 3.443932307987056518e-01
5.533339131239257469e+00 -5.026637612915005882e-01
9.304506518377014146e+00 -1.723555125344153338e-01
4.427556853953892535e+00 -1.323435828041054085e+00
1.207203299827401111e+01 9.280137008623982053e-01
8.989353324361710307e+00 -3.262742268079286134e-01
3.476949061989090595e+00 9.238991221828224409e-03
3.761316138645760088e+00 -4.701057930343988112e-01
8.368052270962690997e+00 3.662742675445952445e-01
7.368166653828744472e+00 -1.735045315834274682e+00
4.338131339716396973e+00 -1.402129353949407964e+00
1.219125342361137854e+01 8.246034888634785620e-01
9.687697998325871751e+00 3.142408179954754854e-01
9.300498940627335287e+00 -1.775425783006425728e-01
4.814566125879764513e+00 -4.421137869171719026e-01
1.001516247709552410e+01 1.801335693252489045e-01
1.742442828198875526e+00 1.129137614533737732e+00
8.763837811422106938e+00 -7.865861932846326954e-02
9.039550612431218823e+00 -3.429707963821697625e-01
6.118911885176194332e+00 -1.140703857502439300e+00
1.006265645901184413e+01 1.133773199310456614e-01
1.250665982543766042e+01 9.408339328012077507e-01
1.063847758459378845e+01 -2.521599438341276533e-01
6.879198085050375333e+00 -1.076914989535972644e+00
1.167184911206600439e+01 1.601156594642796360e+00
3.432625351863076713e-01 1.158636740564638501e+00
7.021631214931903564e+00 -1.337051714004587666e+00
2.555513129037903841e+00 3.919318402164065906e-01
1.020250557131498503e+01 -1.054651718180998343e-01
1.838946124469054588e+00 1.300941346998776726e+00
4.853108771802440158e-01 1.024167602836539626e+00
5.144964452255336163e+00 3.186886566932567444e-02
6.029737617200533251e+00 -1.173669549800465894e+00
1.081313820925649516e+01 1.280010397650179765e-01
1.050456257868139431e+01 -3.636019433657784461e-01
6.118773837738487487e+00 -1.140786091970338534e+00
9.727372614932665584e+00 3.341366763301059084e-01
8.204709941170731824e+00 2.427405563221818330e-01
5.861539093872752737e+00 -1.101092669858074746e+00
1.230481174107033304e+01 8.084802433044986358e-01
5.654326089409302369e+00 -7.682949686915371279e-01
9.948921572926673562e+00 2.582641457635631577e-01
8.143716157726711202e+00 1.343579434279956741e-01
1.064406609538172788e+01 -2.439138031769836346e-01
3.428485562016057031e+00 4.152190473110523028e-02
1.185511912268740708e+01 1.285812326268540806e+00
8.433040960252219165e+00 3.496238001120405281e-01
1.192032921595193073e+01 1.164483708212069146e+00
7.069207342263658100e-01 5.987164378089234740e-01
3.695962868618039465e+00 -3.221752886312614916e-01
7.500356959363121412e+00 -1.639235177222270412e+00
9.532245470861903103e-01 1.054520801331149116e-01
9.888351007837195894e+00 3.098031116653965911e-01
1.688795024176173998e+00 1.008420167783390831e+00
1.030289998750724800e+00 1.387582574947288094e-02
1.154723880104492828e+01 1.721592686451336229e+00
4.389833357083726462e+00 -1.365475699303569490e+00
5.220747146415626538e+00 1.044178581572274833e-02
3.086261856649106683e+00 -2.688055805318387628e-02
9.691450480580632743e+00 3.165364719830572326e-01
1.111818293391372947e+01 1.105988228998721512e+00
8.043746554532077653e+00 -1.075731450548255141e-01
9.194872814474910783e+00 -2.904963719018555102e-01
3.089097557941638539e-01 1.170645266597645451e+00
1.218246789897532167e+01 8.292223362124053754e-01
5.011546715957929443e+00 -5.755325569934566232e-02
8.688885179953258486e+00 3.948622853158134660e-02
2.177464161939968168e+00 1.259782340560583025e+00
7.913394824103802350e+00 -5.088076762002029518e-01
7.285447731836065977e+00 -1.712085581208734331e+00
8.832629462306629264e+00 -1.777928117724766888e-01
2.680322204710203327e+00 1.458556724322238041e-01
1.168794648573304507e+01 1.578246157811402650e+00
1.155030035309720127e+01 1.720043206720677453e+00
8.498585128385313325e+00 3.005253049660330800e-01
1.157227008318777273e+01 1.706649284884713680e+00
1.077019732628944837e+01 1.315381866751574869e-02
8.639685602562071409e+00 1.168461319412605892e-01
3.614808083225065971e+00 -1.657814739953944738e-01
1.282218488781583288e+00 7.135326022040999749e-02
9.966060530424531549e+00 2.400282904993401856e-01
1.179801951435783636e+01 1.392749461122772647e+00
5.511885935460619557e+00 -4.549356434542671801e-01
2.222277787283552186e+00 1.181021670959107484e+00
1.254626632514430717e+01 9.798830952355402912e-01
8.556754899514098511e+00 2.349326764367155596e-01
5.083842571838026458e+00 1.089043396243283279e-02
4.851514754766046877e+00 -3.530978281681119157e-01
8.151430476471798414e+00 1.498342920074978712e-01
9.628002661350571145e+00 2.669037584415816511e-01
6.830173850539492442e+00 -9.992993242485411765e-01
6.398419951274224582e-01 7.452393803496687452e-01
8.116924176464152652e+00 7.683280565277939012e-02
1.070430260688068813e+01 -1.374812938054704725e-01
1.189828912387395965e+00 -1.641442325084596643e-02
4.497634872039125931e+00 -1.214065171647464858e+00
9.769422657777438346e+00 3.442677868567062260e-01
7.699581047653561328e+00 -1.201034746309794343e+00
1.150008813113279338e+01 1.735189937768341073e+00
3.503088847431979680e+00 -1.447066681890893380e-02
2.577349578939380770e-01 1.174127418475767293e+00
3.567220327198001861e-01 1.151746460567527830e+00
1.042123110463029256e+01 -3.519713801375219941e-01
4.125979469180903969e+00 -1.290749351102439046e+00
5.601390048071008820e+00 -6.544758624117716916e-01
5.586759625595166590e+00 -6.220915939987420318e-01
3.853586674868278106e+00 -6.984385872307403709e-01
1.004437465195511514e+01 1.399288973851157969e-01
3.877670747851914346e+00 -7.593544457050751539e-01
7.878543712026578660e+00 -6.247723055551263061e-01
7.674839159738033878e+00 -1.271259203488056322e+00
8.935877114133095489e+00 -2.908231321031275463e-01
9.842182075904970517e+00 3.341670349017619168e-01
8.910993383178354321e+00 -2.685443130958177216e-01
7.073498412054909146e+00 -1.432741403686662807e+00
9.495278464922460415e+00 1.041153940197481337e-01
3.037015914277628514e+00 -4.702648859891066929e-02
6.939370248524788565e+00 -1.182982120769076051e+00
9.595258834806623227e+00 2.330841931870110129e-01
7.167716116859987885e+00 -1.587099516377187047e+00
5.057551951356411557e+00 -8.648447762094169100e-03
1.986574189969095572e-01 1.158401198459316550e+00
7.577279999139745925e+00 -1.507797071343003559e+00
1.471388306936211920e+00 4.489925416876235920e-01
3.184668911844249717e+00 2.116739672037378645e-02
7.098684171435394319e-01 5.921352007418880792e-01
8.998389035039130235e+00 -3.304945387680529034e-01
7.261161301503459287e-01 5.557814644430105755e-01
4.627393056491664325e+00 -9.277497981309028585e-01
5.522237462648562634e+00 -4.779091613085884038e-01
2.495448050850241462e+00 5.338878071389241420e-01
3.867535858631324430e+00 -7.337308659955831258e-01
2.083600092240117885e+00 1.375582511696675780e+00
2.430036950465555901e+00 6.973299568387647529e-01
7.737322531846102081e+00 -1.087672023379011144e+00
7.270720796087217774e-01 5.536401922146299004e-01
6.598040141986381890e+00 -8.061326418291593354e-01
4.821443717728413958e+00 -4.251435173036190451e-01
9.346081840734916213e+00 -1.157720734662587847e-01
1.276855099086397827e+00 6.424147724942796955e-02
1.019018853101657029e+01 -8.623652505136558677e-02
1.248801859566071215e+01 9.231132184661799966e-01
9.734220710351348060e+00 3.365697820830457210e-01
6.936454555648620790e+00 -1.177644776127822146e+00
4.945140215001972983e+00 -1.588821840141515507e-01
1.197998486967460607e+01 1.060941023016493068e+00
9.861399847966181298e+00 3.256756528630114222e-01
5.384196801732406890e+00 -1.940700541349654751e-01
9.126558210886478451e-01 1.701184460036623269e-01
2.471144150088631974e+00 5.939417844860995777e-01
2.569212844189392886e+00 3.612809470627859620e-01
5.937065946719688903e+00 -1.157277811110648535e+00
2.806235725958189153e+00 -9.238564600586141040e-03
3.027678004069381590e+00 -5.016864743839264534e-02
1.219554419687524849e+01 8.225263701322476084e-01
4.253984958714110753e+00 -1.407622058768054352e+00
7.489479752609452312e+00 -1.653440983231831973e+00
4.523679485196473671e+00 -1.164188070804927921e+00
6.920192334729458494e+00 -1.148186619217344884e+00
8.260721002359389331e+00 3.128328186800473087e-01
1.193238049647739274e+00 -1.453014172636446499e-02
1.261313397751552934e+00 4.498874827754117955e-02
8.707407490084792201e+00 9.953352020968475600e-03
1.033856169610612774e+01 -2.880794352067230224e-01
5.334975413516087173e+00 -1.128866803367806204e-01
7.626288335374333371e+00 -1.397751051638545405e+00
3.705690378066776258e+00 -3.431231606830583702e-01
1.202851317873671277e+00 -8.644722863512033229e-03
3.955681875780595047e-01 1.124895154232398831e+00
4.847364248724475466e+00 -3.628144000126656277e-01
4.458100228249736396e+00 -1.280511864395699195e+00
1.081567198461841173e+01 1.351376133842773219e-01
1.226054304676898354e+01 8.053272176322230358e-01
1.876561071020756089e+00 1.348309018489423750e+00
7.553761256588295225e+00 -1.553583010359240513e+00
2.978928544734532391e+00 -6.180210745030249864e-02
6.150041166190162834e+00 -1.120086086261909530e+00
8.298136786602434256e+00 3.434533410666230635e-01
5.568528329511652331e+00 -5.814324166527429227e-01
1.180544149625505135e+01 1.379033613967179273e+00
1.000409618464108163e+01 1.945397011602807424e-01
2.161651466506921970e+00 1.284217396751100138e+00
1.230116518594264896e+01 8.077865790175666749e-01
1.118113741501567171e+00 -3.124644904016571356e-02
3.521547344911499788e+00 -3.391406531318105766e-02
9.884131396361682809e-01 5.814432371205002781e-02
6.587647664255768198e+00 -8.052490053026786221e-01
1.137907396400068105e+00 -3.188766696671940792e-02
1.784711368625299777e+00 1.212530450465105547e+00
6.615896553844009098e+00 -8.092157869738577647e-01
4.139482179211494972e-01 1.108597149672394089e+00
6.805240801583548382e+00 -9.638165310743240788e-01
7.052117410434356692e+00 -1.393819408117001890e+00
1.437811724174340444e+00 3.675020455718522872e-01
9.784224311220533821e+00 3.450648577340856282e-01
5.845257319957028130e+00 -1.083916742382048159e+00
4.752647216307363642e+00 -6.008123199427057859e-01
6.348564376363501793e+00 -9.353858827235093099e-01
2.524174446418991469e+00 4.646313400568394258e-01
1.325553180856412272e+00 1.372399978476682714e-01
1.209843781258616424e+01 8.977809842554811404e-01
1.033102881607123713e+01 -2.800888154197555546e-01
1.104735774199051157e+01 8.796947970116805182e-01
5.478873853417114415e-01 9.247903570180080468e-01
1.445987108963003642e+00 3.869334948067212898e-01
7.749024799452879364e-01 4.469704200434783115e-01
7.047629639637587928e+00 -1.385540485491468132e+00
7.072423498826449162e+00 -1.430808081209371307e+00
1.254802989340950425e+01 9.816460139622655845e-01
7.857606884583065998e-01 4.230852327236235277e-01
6.008571972376678616e+00 -1.174826712983378707e+00
7.064295301379797110e+00 -1.416103607818108401e+00
6.249922320791442942e+00 -1.032953107001105764e+00
7.569240359679428876e-01 4.868697715053540431e-01
5.362379305085370085e+00 -1.563297416993194577e-01
1.134679293122176702e+01 1.635942189611005126e+00
8.883461960281225700e+00 -2.399912738378882360e-01
1.103673840623833158e+01 8.445840639190677068e-01
7.741939934611472562e-01 4.485352166950864472e-01
4.111421054728547020e+00 -1.268803435990272899e+00
1.750738446823536743e+00 1.146401663385485215e+00
9.637478586919092649e+00 2.757116980554159547e-01
2.558738682669472020e+00 3.846485948867094384e-01
5.595713996507272192e-01 9.039404775695821792e-01
7.653933570713400414e+00 -1.327680740089691724e+00
9.896173125656300584e+00 3.043525959890481247e-01
1.192877068049179812e+01 1.149250568134558392e+00
1.146358007795302214e+01 1.731880692313927828e+00
2.997810393773218784e+00 -5.833352018595826249e-02
3.405146365322925250e-01 1.159891316678399287e+00
5.247567153194776957e+00 -9.246900412151370929e-03
5.996297866906600937e+00 -1.174206596883197617e+00
8.362903265130009700e+00 3.660821686591617663e-01
4.320354370659951648e+00 -1.408927906277707809e+00
4.467339170369531764e+00 -1.266045229368682801e+00
4.982569333088656904e+00 -9.752590267503291610e-02
3.590362093354990680e+00 -1.259268031963198808e-01
8.352871086157765745e+00 3.650419302725413928e-01
5.290268560261767838e+00 -5.273356583401866970e-02
1.156931120738586749e+01 1.708682033162356451e+00
5.040090674845238539e+00 -2.504255496034635264e-02
7.123527711082724423e+00 -1.519009262347273292e+00
1.240060012157359637e+01 8.515428896092255284e-01
5.636667469695902710e+00 -7.310624324250644124e-01
6.680168527325013983e+00 -8.370082660011428644e-01
1.077814643089972080e+01 3.350013723565559154e-02
8.237415050166275066e+00 2.871815577956633447e-01
1.100203578512420011e+00 -2.758306043911928906e-02
9.299004463091915085e+00 -1.794632599877703516e-01
1.626502485683646304e+00 8.532235975248979587e-01
2.718803302976113834e-01 1.174834325970553595e+00
2.448773321579437168e-01 1.172421020502631306e+00
2.681426128069811288e+00 1.440574537569620783e-01
6.255299763132764035e+00 -1.027687223322188981e+00
3.925539949211792834e+00 -8.791092939302069809e-01
8.760190346605066125e+00 -7.306281079008175583e-02
6.961621128208805409e+00 -1.224160321265084450e+00
9.041110266696430031e+00 -3.432232854504129738e-01
3.840475641572511645e+00 -6.653095453966956230e-01
7.003797498219706874e+00 -1.303471036442447994e+00
9.683531180696135721e+00 3.115931355761206722e-01
1.054923967649044947e+01 -3.448365185451354176e-01
9.978507850553576475e+00 2.258714897992900872e-01
1.063334905867495728e+01 -2.594776859705679728e-01
6.425831757401715416e-01 7.394323529870661105e-01
1.977816759908862743e+00 1.412315688317893336e+00
5.608796513504791470e+00 -6.707535797786055021e-01
5.298879186067201097e+00 -6.320990674206250493e-02
3.854738733462804490e+00 -7.013526906834354202e-01
5.600735213334655960e+00 -6.530325486929957624e-01
9.694092427783285615e+00 3.181019125849815499e-01
5.420084343340545452e+00 -2.614283549866687206e-01
8.086076008002271109e+00 3.696081334717438160e-03
7.540273157685948746e+00 -1.577661183246374499e+00
7.649939861940597829e+00 -1.338132953376440781e+00
7.776667346368749456e+00 -9.630885409038741907e-01
7.774043956109430553e+00 -9.715593000029882909e-01
1.248988754113113941e+01 9.248628821907874942e-01
6.048204060733382903e+00 -1.170436418096324482e+00
4.477593134666780550e+00 -1.249216498045804258e+00
6.340906112588682308e-01 7.573562217707124899e-01
7.549159965175731291e-01 4.913467799945230308e-01
9.565838896279846182e+00 1.986633438704338284e-01
8.607892398165677861e+00 1.646366161349366308e-01
6.294235247530626687e+00 -9.889410926761216247e-01
4.031709393952565001e+00 -1.122950779373999897e+00
9.572769266700575486e+00 2.070846745613255657e-01
1.840011231147926196e+00 1.302446639223820757e+00
9.517013448923737684e+00 1.347025342490128230e-01
3.445085252206479431e+00 3.214363915977005992e-02
1.081375261555907485e+01 1.297281083636291354e-01
1.004958205673087690e+01 1.324646794547186812e-01
1.228398957477731379e+01 8.055520612542341752e-01
1.045588864985665545e+01 -3.638533464245892191e-01
5.380946549590730044e+00 -1.882828156023971244e-01
6.702381746795145645e+00 -8.527051353275894030e-01
1.705280571050805216e+00 1.047048543157221179e+00
6.798326150764095743e+00 -9.545124750562823390e-01
9.899418049950309495e+00 3.019826047351152898e-01
8.022635704592486761e+00 -1.672636492978409883e-01
1.255307987404129122e+01 9.866981336344751163e-01
4.829341457413780070e+00 -4.058683025553580515e-01
7.736159578574031137e+00 -1.091264317742346224e+00
6.319809008711592568e+00 -9.634376106468095502e-01
1.808255207435047307e+00 1.253663984865282188e+00
1.247888172593145661e+01 9.146584635368213423e-01
4.228813683876184726e+00 -1.396193406384052427e+00
1.019749337373270448e+00 2.371572001558852616e-02
7.104573719371177098e+00 -1.487281271231146285e+00
8.057165407496245990e+00 -7.102531220127261680e-02
5.291136226255305219e-01 9.568577012646432012e-01
1.441153907198282180e+00 3.754113039503727545e-01
1.101781922064907349e+01 7.815964306821180374e-01
2.717931294919739393e+00 8.883513853305607944e-02
1.247118543272934410e+01 9.076748494979463011e-01
3.772910131751014973e+00 -4.978699570751577430e-01
2.261538519217488608e-01 1.168186213847944188e+00
2.647309939681953050e+00 2.029642943535353017e-01
3.967655432166436569e+00 -9.807060155848502658e-01
6.435347718609870427e+00 -8.610517049532965261e-01
6.840555454685422809e+00 -1.014917091341087874e+00
1.046763290815851555e+01 -3.656542160407674213e-01
2.163060177495432335e+00 1.282116218501520688e+00
6.023346943672568621e+00 -1.174310958759776202e+00
5.530349853372668045e-01 9.156862158380021377e-01
2.549512721924983349e+00 4.055854482941111949e-01
8.460710107270777769e+00 3.325204955796993711e-01
1.235314646285128548e+00 1.740525991101282699e-02
1.056305132875549013e+01 -3.353271406373681263e-01
1.021272317572711685e+01 -1.212278214173158064e-01
8.127876822506282295e+00 1.010459510404547734e-01
1.324390585088899508e+00 1.352838415297592523e-01
1.041176458755122169e+01 -3.470884983136705015e-01
5.110037291525129532e+00 2.409578317262928149e-02
1.205917267259614123e+00 -6.590630002356379080e-03
8.281478784158522899e+00 3.314276769552254587e-01
8.750070018703201669e+00 -5.741161546171619223e-02
2.367777129615089127e+00 8.540354192471151240e-01
2.050387154711125870e+00 1.398396506075065382e+00
3.407100110192381237e+00 5.110448779472387404e-02
2.637840550952243124e+00 2.204973739466818405e-01
7.984438103251908281e+00 -2.812991462702409406e-01
1.129684577115648736e+01 1.555517299036404566e+00
1.190407850522145772e+01 1.194209920460019614e+00
1.373814913516047342e+00 2.268396424359937491e-01
6.992501770549637286e+00 -1.282162475581757999e+00
4.222129650274879076e+00 -1.392168053586376519e+00
8.968137087725059686e+00 -3.143197955511304875e-01
4.677348707087328528e+00 -7.994731984312326567e-01
4.542543958832396811e+00 -1.125334282536508246e+00
4.450578389987691175e+00 -1.291790590916860548e+00
5.983592064203535621e+00 -1.172540160898364769e+00
1.236696255129862365e+01 8.313452661183642345e-01
1.945018364505479935e+00 1.402112723421867768e+00
1.646870325240400890e+00 9.052972071646440133e-01
4.827298479103200535e+00 -4.108318072462759929e-01
9.144192609127451021e+00 -3.243031037935472649e-01
1.245856481918949754e+01 8.965288795583570280e-01
8.426336578869321414e+00 3.529099776989209625e-01
7.636433495139738348e+00 -1.372666429179026704e+00
1.028254975860219389e+01 -2.216472480464845574e-01
2.665335856981659202e+00 1.709903275527933642e-01
9.533431676107603892e+00 1.570301060501003709e-01
3.072958163451267044e+00 -3.282145597487860084e-02
5.973756142140782543e+00 -1.170522709702940922e+00
8.107076779413358025e+00 5.426377293253303868e-02
5.305034488296109352e+00 -7.103313791982757142e-02
6.992355011918912844e+00 -1.281885684991213470e+00
4.974008793972812370e+00 -1.106211941253605335e-01
8.022262516741358596e+00 -1.683416558738342617e-01
1.064314651147492796e+01 -2.452901455257302521e-01
5.436016354155270847e+00 -2.931438762624202221e-01
5.707588607776508560e+00 -8.743021418829711733e-01
9.931843897565396873e+00 2.749014279195764465e-01
8.973552718477199264e+00 -3.176408133976188486e-01
5.193025372219008062e+00 2.426033688220063933e-02
4.054460799794604497e+00 -1.168625479125812605e+00
9.092534669557018390e+00 -3.424826171879622461e-01
2.789284337250681478e+00 5.626927351138316657e-03
9.733235519772721389e+00 3.362382856524023245e-01
8.989564980730185839e-01 1.941273214170146089e-01
4.880752766029987200e+00 -2.870127261446590583e-01
2.770088616698697104e-01 1.174781178975996987e+00
5.202065029519971517e+00 2.049881027410838108e-02
8.892212705430724284e+00 -2.494904981168259150e-01
3.570975240770737358e+00 -9.693705601100001401e-02
1.035474098417161670e+01 -3.041235064116443176e-01
4.110717406991628131e+00 -1.267702649462865594e+00
4.185148271011198240e+00 -1.362569285352967619e+00
1.256265559471465343e+00 3.917573183775291401e-02
5.719350231642637006e+00 -8.961696485278005664e-01
5.331226611323460318e+00 -1.073131580677260111e-01
1.049727849855557871e+01 -3.649525962527553347e-01
2.530951076436567249e+00 4.486325649861660492e-01
7.914206855076868052e+00 -5.061281051633660377e-01
1.030422845005457155e+01 -2.491881121685428635e-01
4.439694341471382977e+00 -1.307299350285908712e+00
2.773832665126164443e+00 2.081769510037742577e-02
1.030869258800522381e+01 -2.545892382030502388e-01
1.146397930106478036e+01 1.731984358381703171e+00
4.426480942029749066e+00 -1.324806283976163179e+00
4.872261619684197242e+00 -3.057564292683830343e-01
2.759489239279219852e+00 3.632287714075482787e-02
5.760197044557241242e+00 -9.669195878884233597e-01
7.787582585950689307e+00 -9.276347832743216948e-01
1.000110978703630416e+01 1.983424537346143990e-01
3.239502209481127881e+00 4.463130089804133449e-02
4.318682124566856295e+00 -1.409412409180615500e+00
6.340489343923549903e+00 -9.431611088067914928e-01
9.901648595944056552e+00 3.003167763445198091e-01
9.680176916502457374e+00 3.093870273681077476e-01
1.993574047792654680e+00 1.413558434258675334e+00
7.175305185080330661e-01 5.750042520259421863e-01
1.090327806213168493e+01 4.015332595890137024e-01
7.071707216549611097e+00 -1.429518274586238924e+00
8.680879360438692460e-01 2.517140046680509391e-01
9.321670569827277930e+00 -1.495708610312569686e-01
1.134897890735721759e+01 1.638936262479335770e+00
1.011875796064273203e+01 2.719154955152369713e-02
1.095175512308816224e+01 5.604925214263786204e-01
7.519027241329212075e+00 -1.612263329398516465e+00
5.991377698899838400e+00 -1.173685995926403214e+00
3.378561803231807659e+00 5.968470597839126146e-02
2.266834010751827666e+00 1.090542370007298700e+00
3.065235899135953179e+00 -3.612081648318328508e-02
1.112565203135456038e+00 -3.042315863055777836e-02
1.127287312430687471e+00 -3.199057243659719774e-02
1.536924881181820912e-01 1.134150474642400930e+00
1.505794632800873778e+00 5.363485763502208181e-01
9.285989820596814326e+00 -1.958621111895638145e-01
8.549827008579775622e+00 2.436474188307113931e-01
4.286579450398691371e+00 -1.413524748916571205e+00
5.830198793813885089e-02 1.056955089148340576e+00
3.742798808950352996e+00 -4.266026976332695231e-01
6.965951379335187710e+00 -1.232249201670838179e+00
9.285329448720915479e+00 -1.966779976888552994e-01
3.352761835706806082e+00 6.354249607235988584e-02
5.471225960070958294e+00 -3.663987935651319416e-01
2.107660919876343186e+00 1.352880845213483507e+00
1.176541460405368333e+01 1.451728331581088494e+00
1.077692567184035433e+01 3.034728820032961405e-02
5.553533989674691362e+00 -5.478624833055131260e-01
1.635104240664597919e+00 8.753418166456935490e-01
7.458057197910215486e+00 -1.688149563850246615e+00
8.071943221270384328e+00 -3.212042429695927126e-02
8.267608285915516220e+00 3.194469677856049961e-01
5.136256987860258194e-01 9.819026948292175483e-01
1.112867548282461350e+01 1.137903245286183695e+00
5.273258564503849888e-01 9.598152742469751031e-01
5.831002039426430805e+00 -1.067446292345644032e+00
7.765425527078384071e+00 -9.992381933572886954e-01
7.393709128646278828e+00 -1.729574497785022924e+00
3.208455024750233697e+00 3.204799740495140742e-02
3.499970785523145445e+00 -1.140727119887557928e-02
1.460127132018093299e+00 4.211843532224369691e-01
7.535554103515448965e+00 -1.585701296533365889e+00
8.944555709220949780e+00 -2.977578208822321271e-01
5.813000251254908157e+00 -1.044779967930093756e+00
8.631158052805202985e+00 1.298947907476156738e-01
1.024712021080933333e+01 -1.725721780881649958e-01
5.606098737496989948e+00 -6.648347806165354479e-01
1.240677199579691248e+01 8.557665051478513529e-01
3.726481550180659852e+00 -3.892387664037050277e-01
5.872718682314283178e+00 -1.111860155181698229e+00
7.204872633612517951e+00 -1.636493643349445914e+00
1.171461040320517633e+01 1.537448927820304068e+00
6.123585455255719623e+00 -1.137869704271363025e+00
3.332743345091184306e+00 6.416693967528411258e-02
1.116069324220703685e+01 1.231890759865849061e+00
5.079392706357515053e+00 8.023180451407818659e-03
8.867524107065591465e+00 -2.217302402518653848e-01
2.809544973937818213e+00 -1.192197835730141042e-02
1.207326419774523885e+01 9.265177800281547693e-01
6.378926960328181295e+00 -9.071751499596928392e-01
2.872897952109656483e+00 -4.985132327288807619e-02
1.199188748752974298e+01 1.041659030972520883e+00
6.789471775514329899e+00 -9.429553860938223453e-01
7.630955416505154076e+00 -1.386304410237613416e+00
3.572946998953557607e+00 -9.977749628647314406e-02
7.241199625762132719e+00 -1.676399114206016394e+00
3.354119452180968519e+00 6.342724246633987817e-02
2.074245151151494326e+00 1.383023646091146253e+00
1.240697257750276528e+01 8.559062838770754578e-01
1.216337775564209345e+01 8.409487257651727665e-01
3.140687689279792139e+00 -4.524787118369001616e-04
4.809508781981287062e-01 1.030253115900487293e+00
1.147654925180306229e+01 1.734479756847055132e+00
9.498877510192544449e+00 1.092513749673226786e-01
6.329387409912232698e+00 -9.539904584917112684e-01
1.031172932426280164e+00 1.309262672774069713e-02
2.829590605547021021e+00 -2.666362204502631394e-02
8.220759689700288808e-01 3.449584958768455722e-01
4.822918649967978588e+00 -4.215261368083800808e-01
4.602322537781358136e+00 -9.894111409638659538e-01
3.584551732933208168e+00 -1.169916064187745547e-01
4.161167722817670445e+00 -1.336954077192576751e+00
8.312534341388136738e+00 3.517792227641848291e-01
4.862047428618432754e+00 -3.287999437003125136e-01
5.094457985924864651e+00 1.700052796203288530e-02
4.385074483583591309e+00 -1.369880339126986701e+00
4.524013155812546927e+00 -1.163520009898693974e+00
2.089581394148891658e+00 1.370414610064993433e+00
1.165110583774987552e+00 -2.688204390920456710e-02
1.076130490268808693e+01 -9.083096598237028196e-03
1.174292908570860661e+00 -2.365041661329025935e-02
4.065630791590573168e+00 -1.189942787733606400e+00
8.235854269342071987e+00 2.852838808659751146e-01
1.425676469044299954e-01 1.126746659903840930e+00
7.778685333515622524e+00 -9.565588528717828831e-01
7.983047527662709086e+00 -2.855804909386321366e-01
5.021510544652384667e+00 -4.541323760382898200e-02
8.517910689139844393e+00 2.807546785334136819e-01
6.128727558596599678e+00 -1.134640752084785875e+00
1.421591160354719552e+00 3.298346634218761175e-01
9.557414313273808304e+00 1.881852774289916042e-01
9.225931499685268378e+00 -2.626802141942019553e-01
7.664517625146541668e+00 -1.299467101207581354e+00
5.072272841420244482e+00 3.061315129306185767e-03
9.702641781347649541e+00 3.228770266449222381e-01
4.448898351724568379e+00 -1.294247581787357992e+00
1.069599768988561195e+01 -1.540153263495823710e-01
3.008989596199967753e+00 -5.563743156736614126e-02
1.159591338449814124e+01 1.687941837860432059e+00
2.766932072292779932e+00 2.810849719306782180e-02
8.967521973639644983e+00 -3.139310353229596839e-01
7.435534734099514154e+00 -1.707186545007085776e+00
1.314851490554648894e+00 1.196151872663394622e-01
2.036808903533513071e+00 1.404793525422116662e+00
6.427212283795370240e+00 -8.670694961994208638e-01
1.249807251491166404e+01 9.325994789267244567e-01
7.637371192390167707e+00 -1.370310351600263710e+00
3.940068364560671110e+00 -9.146884036950997388e-01
1.007690727615504045e+01 9.206542490249544630e-02
5.613600633263497564e+00 -6.812622008624831249e-01
8.323639049569012016e+00 3.569004311048649125e-01
4.397183921673704532e+00 -1.358270618416151043e+00
4.194873197649276797e+00 -1.371537851354766691e+00
1.239902690425930132e+01 8.504906011730500870e-01
5.297006836709591937e+00 -6.088511931116480369e-02
1.039431649498642685e+01 -3.363419624217819370e-01
6.166257408098171133e+00 -1.107848846305150792e+00
9.362204773101186817e+00 -9.271530647975106953e-02
5.441546388386402366e-01 9.313099578996794081e-01
3.972267222550185939e-01 1.123518745351639758e+00
1.240130617278042280e+01 8.520183938734430251e-01
4.032640388723186753e+00 -1.124876075256991959e+00
1.935556479098299532e+00 1.397267796871264345e+00
1.151811258014464912e+01 1.732310934049242412e+00
6.877126553466474057e+00 -1.073450379848299718e+00
2.219753237851525451e+00 1.185807104642032872e+00
9.835144694767357088e-01 6.420060021803819517e-02
5.343312687605144440e+00 -1.256088058577804478e-01
2.038715727127736965e+00 1.403999299940315471e+00
4.185575829272202952e+00 -1.362981043672747195e+00
5.236193625837698207e+00 -1.545813037071575025e-04
1.160911937348443956e+01 1.675654517956033374e+00
2.619654169271755650e-01 1.174468886243249965e+00
1.479872326530015381e-01 1.130417385435581012e+00
8.353628786717107957e+00 3.651514220569235247e-01
6.170237071738568169e+00 -1.104705329012252157e+00
7.882181318775562495e+00 -6.126021473975875598e-01
8.906975467460622298e+00 -2.646251295514014390e-01
2.612308387362761497e+00 2.701755391253741756e-01
1.243290308623868334e+01 8.752279173547858893e-01
1.252613779561892038e+01 9.598683298996765201e-01
6.415127124721695218e+00 -8.764377297554366564e-01
2.466491238977713163e+00 6.055543411028653233e-01
2.020903883978690363e+00 1.410083148512752960e+00
8.173328179187544507e+00 1.910199370685715659e-01
1.202830441651983584e+01 9.862640031725465883e-01
4.514617495304861450e+00 -1.182056774534843147e+00
9.722905107443459372e+00 3.323878213364735990e-01
1.209673320677105934e+01 8.996133603150654467e-01
8.953903178491474435e+00 -3.047267539276309334e-01
5.302955860489229067e+00 -6.836046973077658517e-02
1.932967914874777204e-01 1.156025283224703326e+00
8.157524256406306407e+00 1.617065675880701159e-01
3.604597833065206647e+00 -1.486963236641421493e-01
9.193261903311336081e-01 1.588049885209332768e-01
8.636863648537264737e+00 1.211804433027615091e-01
5.141702357330661499e+00 3.161947745101467699e-02
8.640500120696422925e+00 1.155922552685256788e-01
8.642669174432899837e+00 1.122471943328430255e-01
4.767644240080213258e+00 -5.616143059780065450e-01
7.190121488571798558e+00 -1.617847919240830823e+00
2.980724410040793249e+00 -6.153411600449988639e-02
1.200002513487018341e+01 1.028792808247495749e+00
2.044796307978713035e+00 1.401239055366463759e+00
1.042118699255783199e+01 -3.519502108964963072e-01
2.646203345219092284e+00 2.049874713108826296e-01
4.531695183728913889e+00 -1.147945347622721268e+00
5.329560739201572694e+00 -1.048661728818353067e-01
8.174856723004767289e+00 1.937406296201859002e-01
7.443834431789652761e+00 -1.700740808009680194e+00
1.065315109557056106e+00 -1.218895004755282674e-02
1.119213023604933355e+01 1.318453491253364529e+00
2.019098482558462582e+00 1.410532273973525763e+00
4.361807290978762630e+00 -1.388430213725476037e+00
1.108518806909941290e+01 1.002618508594192548e+00
9.859423496726018143e+00 3.266588111969194186e-01
1.230636540304300119e+01 8.087987576420589964e-01
1.209349889654801835e+01 9.031361104139554730e-01
9.968209621871702453e+00 2.376375129936268704e-01
1.147681984609535277e+01 1.734517153777019871e+00
2.791227354230032098e+00 3.827631944906373374e-03
5.253407933818496467e+00 -1.433347590254518966e-02
1.622072532230111469e-02 1.016167924442676229e+00
8.705083761139393417e+00 1.365769579691966662e-02
1.050041232661075696e+01 -3.644292862732398941e-01
9.373843828668345424e+00 -7.578321827488483653e-02
1.906997845433837213e+00 1.377553677934102438e+00
7.441250164465436079e-01 5.154538642045773944e-01
8.723246484832216652e+00 -1.523913502567258993e-02
5.549139681759390541e+00 -5.380189281314671224e-01
1.515085619303731423e+00 5.604296011740685923e-01
5.651086071612095196e+00 -7.615296558008681771e-01
1.110543510783070964e+01 1.066559225907677932e+00
7.670112988729281156e+00 -1.284258559674763323e+00
9.706891511310985488e-01 8.088238644926271093e-02
8.105032497457337115e+00 4.948549264749979582e-02
2.625369921496329528e+00 2.443334143191936703e-01
4.189417918249930040e+00 -1.366609337036942540e+00
8.062456161898166940e+00 -5.693064620695253986e-02
8.138678865861271206e+00 1.239859307242283659e-01
1.137109358092639511e+01 1.666685747458348743e+00
7.937289520827339295e+00 -4.305759391573482642e-01
4.540729166276287643e+00 -1.129165649536868488e+00
3.272004185410548160e+00 5.505650097932593412e-02
7.018019178317523865e-01 6.101296026198628208e-01
1.227746735001028888e+01 8.051577172606385613e-01
5.333531730460652653e+00 -1.107293666496645956e-01
2.220798684255517463e-01 1.166998202963904996e+00
7.279394841114490866e+00 -1.708105349312087906e+00
2.203394411777759743e+00 1.215841626324291269e+00
1.115791909932280923e+01 1.223966438643542487e+00
1.105109224010578828e+01 8.919898606596461388e-01
1.076861064469921914e+01 9.145086332723373346e-03
9.624065868953602276e+00 2.631104027371988785e-01
9.591992727885154224e+00 2.294404790540462424e-01
8.865002151181247569e+00 -2.187313801690878856e-01
7.154339372106153228e+00 -1.567458700093941504e+00
2.868704745893953412e+00 -4.811006303739345791e-02
8.866138511357872787e+00 -2.200862283143744103e-01
2.276728522759453810e+00 1.069047749743992970e+00
9.670246183885563340e+00 3.024698148553242039e-01
7.787456594431547252e+00 -9.280458343857596049e-01
5.209180111250026002e+00 1.702909263795282513e-02
7.211689343197138946e+00 -1.644652256725720685e+00
3.189275437900140009e+00 2.333873729329583036e-02
8.980391563761420670e+00 -3.215717584713297938e-01
5.807344360700133379e+00 -1.037237471522426180e+00
8.362163819980738211e+00 3.660356227768964965e-01
7.666407433472521404e+00 -1.294352767971302498e+00
1.046936129409004046e+00 1.963548273613557882e-04
5.965834366827611035e+00 -1.168430714616008670e+00
7.581066117548264316e+00 -1.499986064312584189e+00
1.499933354877292402e+00 5.212498753757099923e-01
1.140892828457909047e+01 1.703310107131932316e+00
3.094217606927171516e-01 1.170524469388378286e+00
2.328528776549125823e-01 1.169934835608384960e+00
5.124929171287036844e+00 2.878713813515088038e-02
8.719879264227250459e+00 -9.894995293964925498e-03
1.993882568203162675e+00 1.413559027987967731e+00
4.524001270939247199e+00 -1.163543817463276842e+00
8.680007685238724235e-01 2.518828853200708595e-01
1.367405465555720401e+00 2.140415012707046483e-01
5.043301356428913529e+00 -2.182630226146442531e-02
1.172028187812501621e+01 1.528356929785075424e+00
1.209878779805489835e+01 8.974068440586234763e-01
1.254187332242344866e+01 9.754962637090565103e-01
1.205686412475414748e+01 9.471112625062213519e-01
2.074021628167941889e-01 1.161956032228188995e+00
6.867562428961094589e+00 -1.057649898835778313e+00
6.659000289292547059e+00 -8.249523721239493401e-01
6.838734500928425053e-01 6.498931682831186052e-01
8.794429102611657001e+00 -1.244284029745642006e-01
1.192645928985303350e+01 1.153405968894373412e+00
8.657969415698367754e+00 8.842974005951215188e-02
2.633393054737564576e+00 2.289022539195470218e-01
6.707997329405256615e+00 -8.571619365208492658e-01
5.291661587818478729e+00 -5.439099333294750149e-02
7.044707001769328514e+00 -1.380131800202531789e+00
1.049576434195882690e+01 -3.651742844720082815e-01
1.872877433276421755e+00 1.344208208829439810e+00
5.779757609790530104e+00 -9.976626206527762220e-01
9.230849059303853466e+00 -2.578230437632930694e-01
2.826173977014368344e+00 -2.433361513820658795e-02
3.168618373126780075e+00 1.342121383133855830e-02
1.339761869856975096e+00 1.619443019127670969e-01
1.470379899523442280e+00 4.464845942860202754e-01
3.454454066522432143e+00 2.608458906320404447e-02
1.015646346924954280e+01 -3.278057732053057949e-02
1.180902696183321687e+01 1.372378280618594015e+00
1.504980683205346281e+00 5.342472939471175630e-01
7.952653790282553370e-01 4.023483371928824326e-01
1.142457253246159077e+01 1.714421158441739035e+00
1.106376008176350595e-01 1.102856129094842208e+00
8.510986551126338284e+00 2.880874113018206395e-01
1.169106666628023916e+01 1.573648742661848843e+00
1.187770613437318623e+01 1.243297051684076227e+00
7.531938890946590526e+00 -1.591724596793292701e+00
2.666463159994121757e+00 1.690532804798836053e-01
4.038788453126548106e+00 -1.137472891750131332e+00
3.114405999197892960e+00 -1.350003499311521957e-02
1.038026301906364779e+01 -3.261043391326171048e-01
3.298048623371602872e+00 6.081914471204245831e-02
4.741480984653823505e+00 -6.301888162485396183e-01
2.960151554477202240e-01 1.173115976065952637e+00
1.196690636378072270e+01 1.082719829102863462e+00
4.421619105045322407e+00 -1.330875928041024503e+00
8.049937942433821547e+00 -9.057006170719150706e-02
4.399519425232823799e+00 -1.355879930101564934e+00
1.045958075064031689e+01 -3.645440001914957984e-01
6.903074425024254168e+00 -1.117844381192308223e+00
3.077680033012450522e+00 -3.074781508633732396e-02
2.134361606536284928e+00 1.321882124300577388e+00
6.828133332486888030e+00 -9.962860215894656646e-01
5.432983805986030035e+00 -2.870306526741609465e-01
2.698895620272053208e-01 1.174810251006159989e+00
9.423702269380841712e-02 1.089252310536502621e+00
1.192773847431521705e+00 -1.479297113433575284e-02
6.065419179984782083e+00 -1.165639043379640860e+00
3.510383062657357556e+00 -2.188650613765771857e-02
5.051804838297366373e+00 -1.374641457756997642e-02
3.042783385954252573e+00 -4.496157050067696448e-02
5.560389894424308643e+00 -5.632186029099088831e-01
3.530093767149570905e+00 -4.367428368533482486e-02
8.076824664608427184e+00 -1.959221602685234931e-02
3.549541708561559705e+00 -6.766365636289184415e-02
1.092974801849609889e+01 4.876820747949005552e-01
2.354806232964032908e+00 8.860992042721844708e-01
7.470570453160925162e+00 -1.675460828089183618e+00
1.379215401713255740e-01 1.123506016475733560e+00
9.311435989737850250e+00 -1.632647169036608170e-01
8.944866146750763747e+00 -2.979976488598399809e-01
1.930131807774465580e-01 1.155895488981985020e+00
3.095489134575746260e+00 -2.259735300922974949e-02
8.538743676926035420e+00 2.571195793843251143e-01
1.834232071786666252e+00 1.294167677869439537e+00
9.222892879116558973e+00 -2.656216678822762578e-01
4.260027838851664583e+00 -1.409479130387597756e+00
9.169779271709598945e+00 -3.091193446526425692e-01
3.964040444071088576e+00 -9.721877561142181490e-01
8.817840510841897128e+00 -1.577153896125383370e-01
1.383373298121369777e+00 2.463999379498708064e-01
6.109609999205297015e+00 -1.146050717989721690e+00
3.220920999557514985e+00 3.735786862508111428e-02
5.656300504028488163e+00 -7.724021378231704649e-01
7.542732839084680840e+00 -1.573391117074505408e+00
1.243773863039353067e+01 8.790882188463964297e-01
1.073726477919290012e+01 -6.630750172450206037e-02
6.764992584619695215e+00 -9.131786444457825613e-01
1.482193713915004762e+00 4.760701304579578741e-01
1.762111102457988077e+00 1.169379756499823175e+00
1.173780093283826176e+01 1.499456352928138614e+00
5.716304872913870128e+00 -8.905676449030472952e-01
4.859211191883264114e+00 -3.352907798021473318e-01
2.005442280431751101e+00 1.412924958176823731e+00
7.853823707914293628e+00 -7.076363924330071331e-01
1.004727028718760096e+01 1.357885068673334861e-01
3.570168598701592533e+00 -9.578214671731428986e-02
8.117293080564094154e+00 7.766371096390711770e-02
6.686577567774462771e+00 -8.412186888888647518e-01
1.175054666660943070e+01 1.477727148104094557e+00
1.408000760626858971e+00 2.992609178409997850e-01
7.323784304114453469e+00 -1.730208594526166044e+00
9.072899683069433507e+00 -3.448391457748207767e-01
3.014535853503371055e+00 -5.413517643027311588e-02
1.140721429220332794e+01 1.701949197676980940e+00
5.319088794904694772e+00 -8.991115846942732137e-02
1.014917034417899799e+01 -2.114986793485140737e-02
1.964594052705885385e+00 1.409437971762028230e+00
6.373121921201597040e+00 -9.124230546420256660e-01
1.071685624641421399e-02 1.010696756560943266e+00
1.525184389459256273e+00 5.867804387688775325e-01
4.145036862582934134e+00 -1.317008523093216255e+00
8.634481909346884976e+00 1.248263484817137559e-01
1.950437658778189753e+00 1.404505708800025010e+00
5.300987230303823239e+00 -6.585812153144909864e-02
3.064523281320360670e+00 -3.641918394361159245e-02
9.720457918420990495e+00 3.313760816540173848e-01
5.748060611936756992e+00 -9.467888746817555434e-01
3.434242357363068265e+00 3.846429076185475804e-02
1.510260447860029887e+00 5.479021231300688077e-01
4.218339022111502246e+00 -1.389702601368007606e+00
4.242754669384772193e+00 -1.403255873357220684e+00
1.558466188122411278e-01 1.135524153556396909e+00
6.767379450001929087e+00 -9.159374230766176295e-01
3.899108144197824366e+00 -8.133394977899695011e-01
2.315130614774879358e+00 9.816441324557575454e-01
7.543280879371287106e+00 -1.572432324674545967e+00
8.084897631102318627e+00 7.633726021278874896e-04
7.206345416778781932e+00 -1.638281421087277812e+00
9.309287794962234130e+00 -1.660990864398094180e-01
1.962930568491711769e+00 1.408957521216655184e+00
8.419675815733478785e+00 3.558310378481627234e-01
1.250036541649067345e+01 9.347870612494149078e-01
5.239518688510514721e+00 -2.700731604885042714e-03
5.817306024261736042e+00 -1.050388155928544176e+00
8.482221061962990305e+00 3.154986705378266532e-01
1.085546098548874916e+01 2.518034786219431331e-01
4.098154647031126974e-01 1.112461342368945783e+00
1.508565783975781116e+00 5.435130319580905311e-01
5.756864382914388401e+00 -9.614702455025251338e-01
8.910481438311837366e+00 -2.680497994712228160e-01
1.144841848908883009e+01 1.726823575646983189e+00
1.129052447776327384e+01 1.543738531694641924e+00
8.300927775463996738e+00 3.452167340472385160e-01
1.714766958815379105e+00 1.068695162702938406e+00
4.163372190773620418e-02 1.041080798522629358e+00
5.484267700440295101e+00 -3.944286653815922694e-01
1.096441207908145543e+01 6.026987036848845403e-01
7.106863608215710393e+00 -1.491182971300651694e+00
9.436105131180905659e+00 1.698394390265254780e-02
4.346795106581934576e+00 -1.397728675790296027e+00
7.778815554790883269e+00 -9.561370876803210184e-01
5.324337207255312343e+00 -9.731356595196716253e-02
1.136030475682260210e+01 1.653727511805777706e+00
3.189229848479952611e+00 2.331738102911271038e-02
1.041017648146088170e+01 -3.462030842867261371e-01
9.418057058082959898e+00 -1.007993102339443427e-02
1.117427783154587573e+01 1.270044909873248251e+00
7.522326080680810101e+00 -1.607161278351856293e+00
3.746083355290817263e+00 -4.342378606345540515e-01
1.093289274764019048e+01 4.980306651540215013e-01
5.664875986717741618e+00 -7.900989631362618226e-01
1.109427954996285592e+01 1.031516138351886935e+00
5.207049203684523953e+00 1.811503038896156159e-02
6.551672601646110650e+00 -8.072273287084129612e-01
8.112256200770941561e+00 6.622749061519661584e-02
6.393441525145383331e+00 -8.944124223987965916e-01
1.035463940788185155e+01 -3.040277086859636269e-01
4.425524381477922375e+00 -1.326016439623863619e+00
9.722180954820995424e+00 3.320923902647384129e-01
7.096636379019687801e+00 -1.473622525140714679e+00
2.915462765738535911e+00 -6.174033372982960788e-02
7.029256294652705961e+00 -1.351349185147761700e+00
1.195490995651330834e+01 1.103196349783423402e+00
1.909416304957321175e+00 1.379516568026928569e+00
9.878166193508675974e+00 3.163363670985476217e-01
3.099599269272705016e+00 -2.065319364432574231e-02
1.371487351941775568e-01 1.122958763353549605e+00
1.047803421098243604e+01 -3.662740960213108909e-01
1.799470568571750029e+00 1.238791512983433485e+00
5.889989454100075683e+00 -1.126831318931053927e+00
1.185420575626107897e+01 1.287535295409028224e+00
6.770497914910237336e-01 6.649155519529820202e-01
1.009442836389676401e+01 6.525502627030660419e-02
4.134808541642454927e+00 -1.303270178294954951e+00
1.240598105688156849e+01 8.552168532802127965e-01
5.709857798292681252e+00 -8.785692484390783541e-01
3.501718038142410006e+00 -1.311602493475719222e-02
2.430709306210834808e-01 1.172101810177270664e+00
4.539363915715475262e-01 1.065329728228585404e+00
2.964982805966185353e+00 -6.341424262725917083e-02
9.870056120583166503e+00 3.210759043895033416e-01
6.157772536118153006e+00 -1.114369645913060092e+00
7.565899866421558428e+00 -1.530545907605555200e+00
7.751844430486622972e-01 4.463478624056315680e-01
5.750080725458267317e+00 -9.501939187011708698e-01
9.048101090915627864e+00 -3.441560693954218153e-01
1.060471177627313111e+01 -2.959053402463474036e-01
1.388189038535897257e+00 2.564636961658879333e-01
3.492093249151317025e+00 -3.952119048499513898e-03
1.132886268836939969e+01 1.609699207549203592e+00
1.424905709166112144e+00 3.374312653895470415e-01
1.502487437701624240e-01 1.131913463284005994e+00
7.366883070187888904e+00 -1.735158643490311459e+00
6.190295207989284343e+00 -1.088099837041839102e+00
7.074938962512764107e+00 -1.435328022174758633e+00
6.228284229526343196e+00 -1.053754159613700558e+00
3.434604506045599415e+00 3.826506166471060899e-02
1.168891633962448928e+01 1.576822408316175039e+00
6.226614910071976539e+00 -1.055327949244839969e+00
2.368511411491627250e+00 8.522109586130508507e-01
5.200324825572635312e+00 2.127937186904782507e-02
4.038250039228986843e+00 -1.136377969746932504e+00
1.206956785879017424e+01 9.310336057867908410e-01
2.235381450859959429e+00 1.155565633383063728e+00
1.175256730378352765e+00 -2.326612180977494226e-02
6.622922892683761553e+00 -8.109771613709824134e-01
5.316082113523904695e+00 -8.575587305453113984e-02
6.394058825376462529e+00 -8.938818217567082725e-01
4.047065737682314257e+00 -1.154101672818597102e+00
9.520213764526765488e+00 1.391118058941947788e-01
9.182828248272567606e+00 -2.998824863570194177e-01
9.492227050866206994e+00 9.974102882152222072e-02
7.225533673162885862e+00 -1.660287305130670354e+00
3.458552582939607323e+00 2.325809706652118281e-02
5.546408962237203255e+00 -5.319029651769904277e-01
8.064249390410834550e+00 -5.219503896876276361e-02
4.745807240704538188e+00 -6.187916234183292730e-01
8.737371275565463336e+00 -3.755075994747536505e-02
5.705107337242069754e+00 -8.696105065125834255e-01
2.542555687632547023e+00 4.215805261036909002e-01
3.692169158365393944e+00 -3.141206508731840819e-01
8.376086334231425568e+00 3.661159536994141872e-01
1.201192680372919774e+01 1.010466979665273213e+00
2.607053137654335551e+00 2.808172272100403211e-01
6.513854222455012000e+00 -8.173197189051542022e-01
6.983530125688393042e+00 -1.265252811208562589e+00
7.705832234554098825e+00 -1.182748479313364909e+00
1.706290590249128991e+00 1.049374257437805547e+00
1.131220895506680435e+01 1.582670340774665174e+00
4.941726057405765538e+00 -1.649923374981843160e-01
8.625314123213557949e+00 1.387472697731312321e-01
9.727233613933128353e+00 3.340841801226237529e-01
1.027538406854286279e+01 -2.120992328134138072e-01
2.327011867652690677e-02 1.023143656915468824e+00
4.858802938166078000e-01 1.023364319195172012e+00
3.739403525459764843e+00 -4.187490845183926558e-01
1.198909746119150022e+01 1.046130523574582138e+00
5.771268850711426257e-01 8.714119911764200976e-01
6.078349647206355399e+00 -1.160954546759549677e+00
6.444402337247550072e+00 -8.546444296355126813e-01
4.008915557354752579e+00 -1.074432120259584567e+00
9.367904608760081686e+00 -8.445016594749614469e-02
2.864189553416601086e+00 -4.611659250630661955e-02
9.229238785293601310e+00 -2.594266209450347693e-01
9.096720633121325505e+00 -3.416513789565679415e-01
1.221314483183857647e+01 8.152334061146642163e-01
8.456798643801242577e+00 3.352743559584984712e-01
5.210751217006641234e+00 1.620290470023511009e-02
1.480985794470632388e+00 4.730253189822625770e-01
9.603502548396388505e+00 2.420708444719813501e-01
7.268843937126318266e+00 -1.700467572335188748e+00
8.694428793169617364e+00 3.064985681252790917e-02
1.143236185194053789e+01 1.719073372882897743e+00
1.021057425403974861e+01 -1.179287640998435416e-01
1.235480150355333961e+01 8.253131286564139302e-01
2.430815072778146124e+00 6.953619921275630000e-01
5.279205537731748166e+00 -4.009287887514756399e-02
8.705846516735624263e+00 1.244162987560309963e-02
9.243307635591369475e+00 -2.449957053441491062e-01
2.257277357815805185e+00 1.110850456312110213e+00
1.159652016998808932e+00 -2.843435192164667225e-02
9.302268082249879555e+00 -1.752592702749540821e-01
2.526115326159092400e-01 1.173567220510260523e+00
