15 3 10 0.25 1 1 1
N 10
0.19754379310493067 1.5265354732946055 1.433139758858085
0.17100699423731838 1.5938653253207147 0.9791411658991711
0.22169756834636628 1.7890410335517146 0.6258850800752264
0.25333933139343645 2.078042887265917 0.9114566361269543
0.30912448032190354 1.9723183862972147 0.8416809079024273
0.18750843105554504 2.131589109291959 0.6457245878294765
-0.0816783914655726 1.554055828243457 0.9442713780199761
0.44024151877016715 1.8946552268221257 0.7649333949158872
-0.4135357281122706 1.8350623200299059 0.9587927403749934
0.35661519796466723 2.061513893226243 1.2898658223211779
N 8
-0.06116457792853841 2.065434996180827 1.030980347108516
0.039500219744274395 1.8697437835733037 0.42809818345090217
0.31346859449045256 1.602626022254498 0.5190022174274156
0.1531430966375047 1.918040520161847 1.1432443212799612
0.7643949658873923 2.162001493125782 0.9768123561812893
0.04360964883697532 2.413783716325071 1.0307593231479302
0.5025120003329029 1.9586838161326343 0.9810982610673208
0.17135384161621992 2.0310661192649127 1.2490166099932847
N 9
-0.9556163611861614 0.7437877142687823 1.3228594287538114
-0.9290956996014282 1.3668250373948103 0.9026696944561665
-0.9040846855938366 0.8770532355470246 0.8952772205083821
-0.5614103541120147 1.3810573544865816 0.6402486891429038
-0.9037526543222634 1.1463193145047192 0.7338402419782393
-0.827586164701078 0.9305796227589003 1.310149270861999
-1.1741683748244611 1.5727391968382691 1.2160162227587799
-0.4278733557636123 1.521875537668905 0.9460182164467542
-0.8624288976194446 1.0053503626469955 0.48288405388697025
N 1
0.1697221382386385 2.069725954067975 0.665937732253427
N 4
0.17757906183614916 1.5521138891532509 0.3658508597767555
-0.6047556413539951 1.5529183030329778 1.0829858134225052
0.1849105286451054 2.431883894512673 1.2257853354359511
-0.35055549084931154 2.0454161245739595 0.4735247777952406
N 10
0.03984991458760363 2.5382161661903315 0.9178781175844885
-0.3241150678661142 2.7061395691456047 0.6462468957838949
0.1325036124309646 2.817197834587192 0.8754562608936138
0.268533002974963 2.8551679674747126 0.25900515991075646
-0.05535937611264631 2.993455821090177 0.4524143275292819
0.01771065531826712 2.4971531700415133 0.17351974237685452
-0.15153226862380048 2.6837959941582494 1.1651092005548709
-0.35268496528404447 2.3551893904790457 0.7696017606363286
0.4715426065254338 2.936714253778378 0.9753933343139989
0.48603925762881967 2.582653433208464 1.1041971945774791
N 4
-0.25879707014066317 2.0275565150896324 1.0260973783414098
-0.14497309775989708 2.1121457864240423 1.2454279865853932
-0.22845331091612292 1.7049379984615856 1.2933471196921227
-0.4842275877268853 2.287015324477238 0.970895770250011
N 2
-0.4595119821482336 1.794303873641349 0.8399520883919969
-0.37264072621333394 1.6889466295522664 0.7805911684765359
N 1
-0.3050339310474639 1.4359465463813992 1.291133489489667
N 8
1.0343749842447658 5.866128186948939 0.7975647402443995
1.114446231312617 5.700323702531237 0.7485434084780735
1.1931110583687725 5.728798133594569 1.0094114929458917
1.1754084654456758 6.1992777001171335 0.9034950198433915
0.7737228850306306 5.981358245922501 0.44974978167852603
0.8388731371462357 5.499528271265126 0.8142423352897794
0.6610290803217045 5.765211798771559 0.6085257336296337
1.0022243360488723 5.912893113255049 0.5555316800781763
N 6
-0.6487589922061384 1.4733483697606662 1.151312498279695
-0.41524188136816303 1.8812756979677918 1.0496546818690617
-0.12564316198312028 1.7896078355427538 0.8265580480760278
-0.3118013733212377 1.6048250620976101 0.833551356281504
-0.29482216905177516 2.1250597407069565 1.0583030153319242
-0.42332030840521045 1.660488867214164 0.9384541643942905
N 3
0.6036164661974288 5.317344143575413 0.7446095292857192
0.30732867255310853 5.48285007205402 1.0804847786644507
0.598162539154609 5.515033220876053 0.8036864334468248
N 1
-0.7090531899518923 1.3759197589031351 0.7650180139617175
N 7
0.23409750142043387 3.2282887591932683 0.7767406313984844
-0.327043690053358 3.6834616873200012 1.1459412454068478
-0.2984961436226694 3.4350943295656857 0.6580580638728648
0.28928663197956705 3.16320050833814 1.001769892902487
-0.03163782439429384 3.2199634981910723 0.5775193036776698
-0.44616521427747 3.5028240867678293 0.6729891550433253
0.13232904215835298 3.35032041606945 1.0199853486285064
N 4
-0.641166091783442 1.71423656423658 0.9293736050349761
-0.48099030367078727 1.9334356978877574 0.8662233221441442
-0.25597873488664924 2.0892290328992518 1.5345485596087185
-0.3618338935469852 1.558033719536322 1.0162702819475637
# Header info: 
# nr individuals | data dimension | max nr samples each | sigma | d_normal | d_lognormal | d_logitnormal 