5 5 10 0.4 1 2 2
N 6
-0.9540496630911354 2.066672209201676 8.780141095131961 0.8737986316944728 0.7771555811458388
-0.7444517082429507 1.515484132816126 8.39842466731285 1.287667949802429 0.5552683471736185
-1.2399527581506733 1.2488395047983114 8.798349654927689 0.49258527490348913 0.9667242847706674
-0.9207367743774666 1.4101068619467367 8.950498134351609 1.1886286260886871 0.9759135058027659
-1.4557555205700488 1.363709608320101 8.607391531185437 0.5913428792234051 0.8984566490849574
-0.9175804057634418 1.5110991949756871 9.07195664711888 1.1370678863796668 0.5676752526260705
N 2
1.1198626146379898 13.957756081421909 9.927248263719981 0.7929715007686755 0.9521430466555718
0.7786928445277149 12.95220283455544 9.628982528898314 1.0959854082080605 0.8624382797297865
N 7
-0.2317527337338257 2.5900529043878104 4.580704885742681 0.6169947897102028 0.29219970948123664
-0.3147895650886524 2.0362997750921736 4.3724436942964005 0.0971809142300627 1.2669064624800581
0.11709145768245499 2.303197610162466 5.115990071736229 1.0659148003538663 0.9939974244315364
-0.059918361931490416 2.740432949186925 5.289232355148664 0.9143719300961725 0.509903910423511
-0.24293489697708676 1.6982627344519745 4.821463389060195 0.6521223886293693 1.0946578374121214
-0.00299310418635243 1.7689535039852262 5.009049078806047 1.1379293414254135 0.8544972393537383
0.23159354503669732 1.9450242592319147 4.695062383153748 0.8073142519422694 1.6903370311126518
N 1
1.79563584423741 11.479874663792561 14.644937912419312 1.1549696562251763 1.526437882038111
N 2
-0.5348454346139899 3.565779353821446 1.481325451393107 0.656283396847622 1.017021217381574
-0.49902263177073564 3.1010802520823217 1.3512378974348476 0.46031023879208266 1.573844718399417
# Header info: 
# nr individuals | data dimension | max nr samples each | sigma | d_normal | d_lognormal | d_logitnormal 