set -eu

./main.py \
--data  24 27 38 46 80 111 210 228 337 337 497 652 868 1139 1375 2220 2220 2269 \
        2772 4222 5615 6863 7474 8060 9877 10909 11806 12928 14108 14799 15923  \
        16597 17785 18823 19702 20505 21065 21657 22253 23280 24051 24551 25107 \
        25398 25688 25936 26264 26588 26929 27201 27469 27673 27822 28071 28275 \
        28494 28619 28683 29164 29264 29407 29586 29705 29817 29905 29981 30009 \
        30060 30126 30207 30231 30305 30344 30380 30413 30463 30514 30572 30587 \
        30598 30618 \
--populationSize=8473486 \
--futureDays=2 \
--percentages=0.90 \
--nSamples=2000 \
--nThreads=2 \
