5 5 10 0.4 1 2 2
N 4
0.3695767190477133 0.5948977869312962 8.529415134213973 0.9340220771033229 0.9211166747784406
-0.13639403556767776 0.48147251244973244 8.247116532587143 0.8922312940885064 1.199553881764253
0.7638965728510518 1.0416603398798379 8.088293420375965 1.3244331241671505 1.2351359747562658
1.3081106879658972 0.5524272551902203 8.06852371783644 0.8087226747606479 0.9471512669598361
N 5
-0.37334767643755007 3.257296028877427 52.06807143563553 1.0750701818221904 0.8834855009653959
-0.7178069887937788 3.88850237587852 52.04106845751573 0.7778755300913243 0.9590790231293159
-0.5281898158011533 3.2012586722338146 51.04758313752059 1.0424725109381796 1.543544502095259
-0.3193084729449095 3.953335756018162 51.23088412202382 1.544169602418977 0.5081267379644812
-1.755910467535811 3.670811100828293 52.23065657599793 1.2144596434932775 1.3917401044449407
N 7
-0.16460973492558717 2.8559038670309946 12.28940440243384 0.15260446901232672 0.8881981026974997
-0.2788980181343319 3.4903143856192367 12.581487287355905 0.1726720956313026 0.7531600922237779
-0.732902337508206 2.8896041730000963 13.083051924622199 0.9444425454299081 0.5866612918909323
-0.5510698820183442 2.793396225683887 12.690524371330156 0.8790836992270751 1.1276325290494906
-0.49777237211285374 2.9912854295485287 12.695012087774886 0.8620103382954987 1.070292238741661
-1.0907236073696354 3.4878943410584933 12.695969957841614 0.39798156800448925 1.5697901995833883
-0.5528635026586385 3.99680586209237 12.380671697783109 0.06011308894433376 0.5494458978503575
N 2
0.34012870043205196 4.94992328943254 12.541729188152424 0.47539049183088933 0.6635015057973153
0.7258959540165102 5.894641475645204 12.742415554615754 1.7061160767697034 0.38302437746922613
N 5
0.6075299969255744 1.011820107224216 1.9720933093100033 0.7205033975813514 1.0876846138383138
1.1873560649027484 1.6190894545450232 0.7966391338670064 0.8302638121768944 1.4086207512688547
0.9974895771752234 0.9787104588663829 2.16252987974939 0.7573590063744357 1.5834163002262702
1.3846237693744485 2.2122852892324536 1.566310940867106 1.6061331681348991 1.3251410322598374
1.4116076883069675 1.537639058274564 1.3404177469450171 1.3062319873067754 1.0490108675874596
# Header info: 
# nr individuals | data dimension | max nr samples each | sigma | d_normal | d_lognormal | d_logitnormal 