000.000 7.740 07.738 7.113 8.355 7.160 8.492
015.987 6.707 09.155 5.942 7.451 8.344 9.995
019.338 6.489 09.648 5.864 7.102 8.695 10.617
030.754 6.107 10.029 5.321 6.836 8.905 11.160
038.365 5.944 10.905 5.093 6.823 9.718 12.080
047.245 5.399 11.341 4.488 6.472 10.063 12.753
067.964 4.963 12.322 3.874 6.067 10.898 13.796
087.837 4.747 13.027 3.603 5.864 11.436 14.682
108.949 4.475 13.626 3.395 5.578 11.783 15.512
130.513 4.529 14.062 3.448 5.511 12.144 16.056
150.809 4.475 14.553 3.457 5.450 12.426 16.730
172.374 4.475 14.825 3.591 5.383 12.701 17.030
192.688 4.257 15.261 3.440 5.091 12.954 17.650
